=== KPIs ===
total_revenue: 18964351.439999998
total_orders: 129921
total_customers: 8999
avg_basket: 145.9683302930242
last_month_revenue: 884641.54
mom_growth: 0.16316977833938764
daily_series_points: 731
monthly_series_points: 24
